0.00078259	13.1538
75.5605	45.865
53.2767	21.8959
4.70446	67.8865
67.9296	93.4693
38.3502	51.9416
83.0965	3.45721
5.34616	52.97
67.1149	0.769819
38.3416	6.68422
41.7486	68.6773
58.8977	93.0436
84.6167	52.6929
9.19649	65.3919
41.5999	70.1191
91.0321	76.2198
26.2453	4.74645
73.6082	32.8234
63.2639	75.641
99.1037	36.5339
24.7039	98.255
72.266	75.3356
65.1519	7.26859
63.1635	88.4707
27.271	43.6411
76.6495	47.7732
23.7774	27.4907
35.9265	16.6507
48.6517	89.7656
90.9208	6.05643
90.4653	50.4523
51.6292	31.9033
98.6642	49.3977
26.6145	9.07329
94.7764	7.37491
50.0707	38.4142
27.7082	91.3817
52.9747	46.4446
94.098	5.0084
76.1514	77.0205
82.7817	12.5365
1.58677	68.8455
86.8247	62.9543
73.6225	72.5412
99.9458	88.8572
23.3195	30.6322
35.1015	51.3274
59.1114	84.5982
41.2081	84.1511
26.9317	41.5395
